0.00000000
0.04056680
0.00000000
0.00000000
0.00000000
0.00000000
0.00000000
0.00000000
0.00000000
0.01217814
0.00000000
0.00000000
0.00000000
0.00000000
0.00000000
0.00000000
0.00000000
0.00000000
0.07134788
0.00000000
0.00000000
0.00000000
0.00000000
0.00000000
0.00000000
0.00000000
0.00000000
0.00000000
0.00000000
0.00000000
0.00000000
0.00000000
0.00000000
0.00000000
0.19353016
0.00000000
0.00000000
0.00000000
0.00000000
0.00000000
0.00000000
0.00000000
0.00000000
0.00000000
0.04105685
0.00000000
0.00000000
0.00000000
0.00000000
0.00000000
0.00000000
0.00000000
0.00000000
0.00000000
0.00000000
0.00000000
0.25395396
0.00000000
0.00000000
0.00000000
0.00000000
0.00000000
0.00000000
0.02149645
0.00000000
0.05962001
0.00000000
0.00000000
0.00000000
0.12346166
0.01856754
0.00000000
0.01669730
0.03995721
0.00000000
0.00000000
0.00000000
0.00000000
0.00000000
0.00000000
0.00000000
0.01174683
0.00000000
0.00000000
0.00000000
0.00171604
0.00000000
0.00000000
0.00000000
0.00000000
0.00000000
0.00000000
0.00000000
0.00000000
0.00530536
0.00000000
0.00000000
0.05836175
0.00000000
0.03043604
0.00000000
0.00000000
0.00000000
0.00000000
0.00000000
0.00000000
