0.00000000
0.04088252
0.00000000
0.00000000
0.00000000
0.00000000
0.00000000
0.00000000
0.00000000
0.01320563
0.00000000
0.00000000
0.00000000
0.00000000
0.00000000
0.00000000
0.00000000
0.00000000
0.07194853
0.00000000
0.00000000
0.00000000
0.00000000
0.00000000
0.00000000
0.00000000
0.00000000
0.00000000
0.00000000
0.00000000
0.00000000
0.00000000
0.00000000
0.00000000
0.19327698
0.00000000
0.00000000
0.00000000
0.00000000
0.00000000
0.00000000
0.00000000
0.00000000
0.00000000
0.04151129
0.00000000
0.00000000
0.00000000
0.00000000
0.00000000
0.00000000
0.00000000
0.00000000
0.00000000
0.00000000
0.00000000
0.25180601
0.00000000
0.00000000
0.00000000
0.00000000
0.00000000
0.00000000
0.02071997
0.00000000
0.05875612
0.00000000
0.00000000
0.00000000
0.12450640
0.01709625
0.00000000
0.01757689
0.04044001
0.00000000
0.00000000
0.00000000
0.00000000
0.00000000
0.00000000
0.00000000
0.01216942
0.00000000
0.00000000
0.00000000
0.00192646
0.00000000
0.00000000
0.00000000
0.00000000
0.00000000
0.00000000
0.00000000
0.00000000
0.00424164
0.00000000
0.00000000
0.05689222
0.00000000
0.03304368
0.00000000
0.00000000
0.00000000
0.00000000
0.00000000
0.00000000
